 6.90214009e-02
 5.54534003e-03
 -5.86539316e-02
 -2.35672893e-02
 -1.44973978e-01
 1.43222454e-01
 -4.64847334e-02
 1.65543579e-01
 -1.02747002e-02
 6.88997756e-02
 -1.98820216e-01
 -1.02098212e-01
 1.37955509e-01
 -7.67818342e-02
 7.72873366e-02
 -2.41914925e-02
 1.25809281e-02
 -1.21355419e-01
 -1.01664078e-01
 1.76525041e-01
 6.44201985e-02
 -1.51639777e-02
 -1.43735251e-03
 2.01180314e-01
 1.01018713e-01
 1.77046839e-01
 1.70896428e-01
 2.20628431e-01
 1.84605038e-01
 -1.69452257e-02
 1.91411427e-01
 2.83978698e-01
 2.39270736e-01
 -1.28441798e-01
 1.21587122e-01
 1.14654819e-01
 1.88452970e-01
 8.63259941e-02
 1.41876123e-01
 3.26707463e-01
 2.28957364e-01
 1.51166392e-01
 -6.73226361e-04
 8.90491363e-02
 1.02072635e-01
 4.11755799e-03
 1.48442410e-02
 8.75083465e-02
 2.05421023e-01
 -2.88946956e-01
 -1.49001667e-01
 9.38895626e-02
 7.78899670e-03
 -1.16192801e-01
 -5.81197597e-02
 -2.47483087e-01
 -2.77194951e-01
 -1.43058501e-01
 -2.59581702e-02
 -1.42511356e-01
 -3.17419867e-01
 -1.77472058e-01
 -3.37505786e-01
 -4.19430318e-01
 -4.10753393e-01
 -4.54912326e-01
 -4.30526199e-01
 -3.61721609e-01
 -5.76839964e-01
 -4.29630886e-01
 -3.56640745e-01
 -4.92036187e-01
 -4.43609833e-01
 -5.49220137e-01
 -3.17521273e-01
 -4.60219420e-01
 -7.96500287e-01
 -5.86021334e-01
 -8.12266590e-01
 -4.80739294e-01
 -5.59406134e-01
 -5.31680815e-01
 -5.03060952e-01
 -3.95894100e-01
 -6.37117207e-01
 -6.08288730e-01
 -5.09523123e-01
 -4.55061285e-01
 -6.90151855e-01
 -6.07296822e-01
 -5.19440753e-01
 -7.99319720e-01
 -3.44920007e-01
 -5.80762348e-01
 -2.96238215e-01
 -4.99353660e-01
 -3.01483970e-01
 -2.48822835e-01
 -3.35104733e-01
 -2.13913501e-01
 -2.61167148e-01
 -1.44365624e-01
 -3.03745648e-01
 -2.22594934e-01
 6.95328227e-02
 -1.32093729e-01
 9.09824962e-03
 -1.67995017e-01
 1.25116667e-02
 8.27675456e-03
 1.08030404e-01
 2.94260533e-01
 3.32894607e-01
 3.93502279e-01
 3.10346659e-01
 3.86661788e-01
 2.36676272e-01
 3.41921797e-01
 5.78344399e-01
 5.64549496e-01
 5.38533800e-01
 3.65008184e-01
 5.76554937e-01
 6.07031768e-01
 5.33077136e-01
 6.34158242e-01
 9.20105671e-01
 5.74292675e-01
 4.48195655e-01
 3.30725539e-01
 5.63283855e-01
 5.76393767e-01
 5.17684084e-01
 8.96011891e-01
 7.64481355e-01
 7.21283719e-01
 6.81115513e-01
 2.76828357e-01
 8.02674453e-01
 5.87452393e-01
 4.56221329e-01
 2.96283843e-01
 5.25277106e-01
 7.34880286e-01
 5.00416369e-01
 5.25629045e-01
 3.69353736e-01
 4.78102682e-01
 1.36912444e-01
 3.94251662e-01
 3.02000409e-01
 1.76254768e-01
 1.79415367e-01
 3.01495593e-01
 7.24293185e-02
 1.29745735e-01
 -1.75074501e-01
 7.47044238e-02
 1.05071135e-01
 -2.25149242e-01
 -3.20360384e-01
 -3.58448808e-01
 -2.05603791e-01
 -4.20351245e-01
 -3.83252186e-01
 -5.79201515e-01
 -3.28598366e-01
 -5.78843033e-01
 -4.20619255e-01
 -4.68173601e-01
 -6.10544586e-01
 -5.85314439e-01
 -6.87473425e-01
 -7.18806877e-01
 -5.62226358e-01
 -7.14816891e-01
 -8.68847595e-01
 -5.68396879e-01
 -8.92587339e-01
 -7.28694457e-01
 -8.87428757e-01
 -8.29642422e-01
 -7.48165896e-01
 -6.70813774e-01
 -8.33422635e-01
 -7.47731584e-01
 -8.06094686e-01
 -7.67348887e-01
 -8.97975557e-01
 -7.56500826e-01
 -5.46294833e-01
 -8.02265240e-01
 -8.35041756e-01
 -4.69015207e-01
 -4.91029811e-01
 -5.07784252e-01
 -7.44755517e-01
 -3.54737596e-01
 -5.77195748e-01
 -6.15490004e-01
 -5.19429631e-01
 -3.56848771e-01
 -2.84012622e-01
 -2.97547521e-01
 -3.15574735e-01
 -3.07464811e-02
 -2.81655290e-01
 -1.52566168e-01
 -2.11382284e-01
 -3.66027893e-02
 -2.76978957e-01
 6.93481936e-02
 -1.02280899e-01
 5.34222292e-02
 -2.42528472e-02
 -1.05957852e-02
 -5.42275171e-02
 8.68670969e-02
 2.58580347e-01
 3.21287429e-01
 4.74087233e-01
 3.92764292e-01
 8.49505424e-02
 2.40055928e-01
 3.65594738e-01
 1.00352665e-01
 3.79367049e-01
 3.59947944e-01
 4.81731398e-01
 5.18275245e-01
 5.66264302e-01
 4.40815223e-01
 4.40093944e-01
 6.41166419e-01
 6.86021161e-01
 4.19327952e-01
 4.78165872e-01
 3.38127109e-01
 4.48433653e-01
 5.24063267e-01
 3.50074229e-01
 4.22108298e-01
 3.95180305e-01
 2.99746335e-01
 2.91419950e-01
 5.59225690e-01
 1.95856224e-01
 2.34220938e-01
 9.19066488e-02
 2.35818166e-01
 2.70164223e-01
 1.35757871e-01
 2.14245035e-01
 6.20309049e-02
 2.73092450e-01
 9.31548653e-02
 1.63819617e-01
 3.05096747e-01
 7.30626877e-02
 1.54846604e-01
 2.19023115e-03
 -8.79948894e-02
 -1.83528473e-01
 -1.41556835e-01
 2.06554727e-02
 -3.45983523e-02
 -2.79079097e-01
 -1.97051125e-01
 -3.45417547e-01
 -1.70241391e-01
 -1.05956712e-01
 -3.22976962e-01
 -5.78178722e-01
 -1.73742845e-01
 1.15303517e-01
 -2.09805519e-01
 -2.44499713e-01
 -2.51354858e-01
 -1.74924571e-01
 -4.34742346e-02
 -1.11635903e-01
 -3.16032180e-01
 -2.89684005e-01
 -2.60246049e-01
 -3.87730688e-01
 -1.44382524e-01
 -2.57454186e-01
 -8.56082524e-02
 -2.86675612e-01
 -5.98949719e-02
 -4.73380125e-01
 -2.24898859e-02
 -4.10106299e-01
 -3.44925387e-01
 -2.04171754e-01
 -3.72757639e-01
 -1.34225523e-01
 -1.14531496e-01
 -1.22062364e-02
 -2.06972630e-01
 -9.92856405e-02
 -1.09987573e-01
 -4.64689342e-02
 -4.62282315e-02
 -2.30886503e-01
 1.04614683e-01
 -1.43560137e-01
 -2.00029818e-01
 -2.04409689e-01
 6.08042337e-02
 -9.60297742e-02
 2.47387376e-01
 -9.50491065e-02
 -8.67758615e-02
 -2.05259109e-02
 -2.09759741e-01
 -1.03895307e-01
 -2.60816857e-01
 4.86594783e-02
 -4.38249718e-02
 -2.30134706e-01
 -8.15960719e-02
 -1.43152904e-01
 6.20533299e-02
 5.16209878e-02
 -4.04104026e-02
 -6.88896286e-02
 -4.12547117e-02
 -2.37046136e-01
 -1.12440251e-01
 -2.13080378e-01
 -7.33725635e-02
 -2.07462305e-01
 2.60020496e-02
 -1.86402918e-01
 -6.58373032e-02
 -2.30881287e-01
 -4.14446361e-01
 -2.01654976e-01
 -2.77101274e-01
 -4.26425988e-01
 -2.41224541e-01
 -2.42617957e-01
 -3.23877706e-01
 -1.21378501e-01
 -3.83320282e-01
 -4.02427743e-01
 -2.92899046e-01
 -2.45862948e-01
 -3.52451461e-01
 -3.21750711e-01
 -4.15015768e-01
 -4.24630251e-02
 -4.47429003e-02
 -4.49056888e-01
 -2.91888676e-02
 -3.55929292e-01
 -2.74238917e-01
 -1.59429529e-01
 -2.49909544e-01
 -3.70839169e-02
 -3.44515450e-02
 -3.51613061e-01
 -2.70102885e-01
 -2.13728696e-01
 -5.26504357e-02
 -1.32449961e-01
 2.54561131e-02
 -8.11695574e-03
 -1.32098638e-01
 2.97810375e-02
 -5.08140618e-02
 -1.14379559e-02
 2.54433940e-01
 -8.14518325e-02
 -9.95362004e-02
 2.23674689e-01
 5.70489005e-03
 1.98528308e-01
 2.68637293e-01
 2.31455049e-01
 2.18436339e-01
 2.86026317e-01
 4.72962839e-01
 2.73519108e-01
 4.40168956e-01
 3.11551059e-01
 4.69804332e-01
 3.30337098e-01
 5.70983598e-01
 4.62798317e-01
 6.39566429e-01
 4.95885436e-01
 5.66393895e-01
 6.20601495e-01
 5.20414010e-01
 4.22547108e-01
 4.52553539e-01
 3.46728525e-01
 2.10104479e-01
 4.63373881e-01
 4.98847178e-01
 4.51435813e-01
 3.69352357e-01
 3.38851990e-01
 5.03960024e-01
 3.93910484e-01
 5.14690353e-01
 3.96832986e-01
 4.46329247e-01
 7.90747207e-02
 1.81610904e-01
 2.98830742e-01
 3.65283874e-01
 -9.09564965e-02
 8.75586983e-02
 2.72892971e-01
 2.22043980e-02
 -1.09932210e-01
 -2.45027008e-01
 -1.21294684e-01
 -1.08589387e-01
 -1.66813762e-01
 -2.53595768e-01
 -2.68676293e-01
 -2.34542098e-01
 -2.39731459e-01
 -5.72031051e-01
 -3.45516609e-01
 -5.32827802e-01
 -4.28199825e-01
 -6.01544082e-01
 -4.14931678e-01
 -4.73688052e-01
 -7.16172951e-01
 -7.18032414e-01
 -4.71966034e-01
 -5.82708118e-01
 -9.46119720e-01
 -6.74505617e-01
 -7.04895774e-01
 -8.73019631e-01
 -9.28144601e-01
 -7.44285943e-01
 -9.33542102e-01
 -7.15730251e-01
 -8.03803491e-01
 -1.00000000e+00
 -6.93369733e-01
 -8.90492746e-01
 -8.32853429e-01
 -5.33838997e-01
 -7.73898218e-01
 -7.46690009e-01
 -5.89316307e-01
 -5.29603574e-01
 -7.20684737e-01
 -7.12572259e-01
 -7.02828528e-01
 -5.06225654e-01
 -5.62600490e-01
 -4.55428075e-01
 -3.18056128e-01
 -2.94159246e-01
 -4.86048695e-01
 -4.50984308e-01
 -2.18354897e-01
 -2.00908763e-01
 -1.17962216e-01
 -1.31022430e-01
 -3.13687948e-01
 -1.89527878e-01
 -1.08048255e-01
 -2.98988322e-02
 6.40285814e-02
 9.29763618e-02
 6.90843241e-02
 2.13331836e-01
 2.41304440e-01
 2.40414323e-01
 2.59742196e-01
 1.79774661e-01
 5.07978065e-01
 5.65346188e-01
 5.04972415e-01
 3.64027837e-01
 5.59765296e-01
 3.83383129e-01
 5.86720984e-01
 6.27832162e-01
 7.20684204e-01
 7.57021688e-01
 7.20091677e-01
 4.98446091e-01
 7.66213890e-01
 5.31425388e-01
 5.30864843e-01
 1.00000000e+00
 6.22977110e-01
 5.91915431e-01
 6.92309814e-01
 5.44185113e-01
 6.87879835e-01
 5.87673600e-01
 5.68631957e-01
 4.94797716e-01
 5.57377605e-01
 3.89097477e-01
 6.08861650e-01
 3.98449196e-01
 3.77149473e-01
 2.89019432e-01
 3.20905223e-01
 5.33431312e-01
 3.65979548e-01
 1.42329216e-02
 1.27826084e-01
 1.40197299e-01
 2.94010952e-02
 7.09513735e-02
 -7.13835147e-03
 1.50749001e-01
 -7.50638557e-02
 -1.97804075e-01
 -5.15701557e-02
 -2.83976302e-01
 -1.50440215e-01
 -3.34217441e-02
 -2.16522324e-01
 -1.74606239e-01
 -2.79600417e-01
 -3.86289938e-01
 -2.22512713e-01
 -6.04929564e-01
 -7.48241856e-02
 -4.28785452e-01
 -3.95955871e-01
 -5.48713431e-01
 -6.54297442e-01
 -7.59061146e-01
 -3.85604366e-01
 -7.42532767e-01
 -6.75415106e-01
 -6.12629817e-01
 -7.31026264e-01
 -5.81347319e-01
 -6.02681699e-01
 -6.92113854e-01
 -5.52660843e-01
 -7.32160279e-01
 -6.80640017e-01
 -4.96098807e-01
 -5.67836449e-01
 -5.25725844e-01
 -4.08440530e-01
 -4.94226276e-01
 -5.46564454e-01
 -4.79885729e-01
 -4.20907032e-01
 -6.88824532e-01
 -4.81154596e-01
 -5.82474910e-01
 -3.44588692e-01
 -2.78783402e-01
 -2.31252804e-01
 -4.48754231e-01
 -3.77295463e-01
 -1.50391453e-01
 -2.41426703e-01
 -2.82962306e-01
 -2.35441472e-01
 -1.68750803e-01
 -6.91258802e-02
 -1.94263897e-01
 -2.11659144e-01
 -8.33223863e-02
 -4.65642471e-02
 -5.29938235e-02
 5.50013620e-02
 2.99008246e-01
 1.54289468e-01
 -1.21636616e-01
 9.44588265e-04
 -1.53942693e-01
 -2.66894244e-02
 2.32834239e-01
 2.96975504e-01
 3.91583898e-01
 2.87760247e-02
 2.34925532e-01
 7.20788936e-02
 3.07539890e-01
 2.86109140e-01
 1.07409588e-01
 -1.28897118e-01
 1.44462542e-01
 7.89154762e-03
 2.24125186e-02
 9.57207209e-02
 -3.69214908e-02
 3.36316609e-01
